1	2.20508E-07
1.1	1.02737E-06
1.2	3.48824E-06
1.3	9.45725E-06
1.4	2.16806E-05
1.5	4.38469E-05
1.6	8.03724E-05
1.7	0.000135764
1.8	0.000214635
1.9	0.000321359
2	0.000460774
2.1	0.000637171
2.2	0.000852928
2.3	0.001110418
2.4	0.001411269
2.5	0.00175638
2.6	0.00214601
2.7	0.002579829
2.8	0.003056924
2.9	0.003575879
3	0.001213733
3.1	0.00101198
3.2	0.001146894
3.3	0.00128875
3.4	0.001255302
3.5	0.001389848
3.6	0.001539085
3.7	0.001691362
3.8	0.001845976
3.9	0.0020023
4	0.002163553
4.1	0.002329598
4.2	0.002496283
4.3	0.002663136
4.4	0.002829663
4.5	0.002995431
4.6	0.003159996
4.7	0.003322995
4.8	0.003484005
4.9	0.003642681
5	0.003800072
5.1	0.003955876
5.2	0.004108436
5.3	0.004257533
5.4	0.004402897
5.5	0.004544329
5.6	0.004681679
5.7	0.004814741
5.8	0.004943395
5.9	0.005067506
6	0.005189479
6.1	0.005309299
6.2	0.005424371
6.3	0.005534607
6.4	0.005639938
6.5	0.005740331
6.6	0.00583571
6.7	0.005926034
6.8	0.006011279
6.9	0.006091415
7	0.006166445
7.1	0.006236347
7.2	0.006301053
7.3	0.006360571
7.4	0.00641486
7.5	0.006463953
7.6	0.006507818
7.7	0.00654651
7.8	0.006579987
7.9	0.006608308
8	0.006633346
8.1	0.006655063
8.2	0.006671646
8.3	0.006683124
8.4	0.006689552
8.5	0.006690998
8.6	0.006687503
8.7	0.006679182
8.8	0.006666123
8.9	0.006648406
9	0.006626163
9.1	0.006599501
9.2	0.006568542
9.3	0.006533443
9.4	0.006494347
9.5	0.006451384
9.6	0.006404726
9.7	0.006354529
9.8	0.006300963
9.9	0.006244207
10	0.006185535
10.1	0.006125043
10.2	0.006061734
10.3	0.005995813
10.4	0.00592743
10.5	0.00585678
10.6	0.005784025
10.7	0.005709346
10.8	0.005632906
10.9	0.005554882
11	0.005475434
11.1	0.005394725
11.2	0.0053129
11.3	0.005230118
11.4	0.005146529
11.5	0.005062267
11.6	0.004977476
11.7	0.004892268
11.8	0.00480679
11.9	0.004721147
12	0.004635456
12.1	0.004549817
12.2	0.004464342
12.3	0.004379125
12.4	0.004294257
12.5	0.004209813
12.6	0.00412588
12.7	0.004042535
12.8	0.00395984
12.9	0.003877856
13	0.003796654
13.1	0.003716285
13.2	0.00363679
13.3	0.003558225
13.4	0.003480624
13.5	0.003404027
13.6	0.003328468
13.7	0.003253973
13.8	0.003180573
13.9	0.003108286
14	0.003037141
14.1	0.002967143
14.2	0.002898316
14.3	0.002830663
14.4	0.002764197
14.5	0.002698925
14.6	0.002634852
14.7	0.002571981
14.8	0.002510306
14.9	0.00244983
15	0.002390661
15.1	0.002332775
15.2	0.00227606
15.3	0.002220503
15.4	0.0021661
15.5	0.00211284
15.6	0.002060716
15.7	0.00200972
15.8	0.001959833
15.9	0.00191105
16	0.001863352
16.1	0.001816727
16.2	0.001771164
16.3	0.001726644
16.4	0.001683154
16.5	0.001640678
16.6	0.001599201
16.7	0.001558704
16.8	0.001519172
16.9	0.001480587
17	0.001442936
17.1	0.001406198
17.2	0.001370357
17.3	0.001335398
17.4	0.0013013
17.5	0.001268047
17.6	0.001235625
17.7	0.001204014
17.8	0.001173198
17.9	0.001143161
18	0.001113885
18.1	0.001085354
18.2	0.001057551
18.3	0.00103046
18.4	0.001004065
18.5	0.000978351
18.6	0.000953302
18.7	0.0009289
18.8	0.000905134
18.9	0.000881988
19	0.000859444
19.1	0.000837492
19.2	0.000816115
19.3	0.000795299
19.4	0.00077503
19.5	0.000755297
19.6	0.000736083
19.7	0.000717379
19.8	0.00069917
19.9	0.000681444
20	0.000664195
20.1	0.00064741
20.2	0.000631071
20.3	0.000615166
20.4	0.000599686
20.5	0.000584617
20.6	0.000569949
20.7	0.000555672
20.8	0.000541777
20.9	0.000528253
21	0.000515089
21.1	0.000502278
21.2	0.000489808
21.3	0.000477672
21.4	0.000465861
21.5	0.000454365
21.6	0.000443176
21.7	0.000432287
21.8	0.000421689
21.9	0.000411373
22	0.000401335
22.1	0.000391563
22.2	0.000382054
22.3	0.000372797
22.4	0.000363788
22.5	0.000355019
22.6	0.000346484
22.7	0.000338176
22.8	0.00033009
22.9	0.000322219
23	0.000314556
23.1	0.000307098
23.2	0.000186112
23.3	0.000182671
23.4	0.000179296
23.5	0.000175986
23.6	0.000172739
23.7	0.000169557
23.8	0.000166435
23.9	0.000163375
24	0.000160374
24.1	0.000157433
24.2	0.000154549
24.3	0.000151722
24.4	0.000148952
24.5	0.000146236
24.6	0.000143574
24.7	0.000140965
24.8	0.000138408
24.9	0.000135902
25	0.000133447
25.1	0.00013104
25.2	0.000128683
25.3	0.000126372
25.4	0.000124109
25.5	0.00012189
25.6	0.000119717
25.7	0.000117587
25.8	0.000115501
25.9	0.000113457
26	0.000111454
26.1	0.000109492
26.2	0.00010757
26.3	0.000105686
26.4	0.000103841
26.5	0.000102033
26.6	0.000100263
26.7	9.85277E-05
26.8	9.68275E-05
26.9	9.51626E-05
27	9.35312E-05
27.1	9.19325E-05
27.2	9.03666E-05
27.3	8.88324E-05
27.4	8.73291E-05
27.5	8.58564E-05
27.6	8.44135E-05
27.7	8.29994E-05
27.8	8.16141E-05
27.9	8.02567E-05
28	7.89267E-05
28.1	7.76236E-05
28.2	7.63464E-05
28.3	7.50947E-05
28.4	7.3868E-05
28.5	7.26661E-05
28.6	7.14883E-05
28.7	7.03338E-05
28.8	6.92022E-05
28.9	6.80928E-05
29	6.70059E-05
29.1	6.59401E-05
29.2	6.48954E-05
29.3	6.38711E-05
29.4	6.2867E-05
29.5	6.18826E-05
29.6	6.09174E-05
29.7	5.99709E-05
29.8	5.9043E-05
29.9	5.81327E-05
30	5.72404E-05
30.1	5.6365E-05
30.2	5.55065E-05
30.3	5.46644E-05
30.4	5.38381E-05
30.5	5.30277E-05
30.6	5.22326E-05
30.7	5.14526E-05
30.8	5.06872E-05
30.9	4.99359E-05
31	4.91987E-05
31.1	4.84753E-05
31.2	4.7765E-05
31.3	4.7068E-05
31.4	4.63836E-05
31.5	4.57118E-05
31.6	4.50522E-05
31.7	4.44044E-05
31.8	4.37685E-05
31.9	4.31438E-05
32	4.25303E-05
32.1	4.19275E-05
32.2	4.13355E-05
32.3	4.07538E-05
32.4	4.01824E-05
32.5	3.96208E-05
32.6	3.9069E-05
32.7	3.85268E-05
32.8	3.79936E-05
32.9	3.74697E-05
33	3.69545E-05
33.1	3.64481E-05
33.2	3.595E-05
33.3	3.54603E-05
33.4	3.49785E-05
33.5	3.45049E-05
33.6	3.40389E-05
33.7	3.35804E-05
33.8	3.31293E-05
33.9	3.26855E-05
34	3.22487E-05
34.1	3.18187E-05
34.2	3.13957E-05
34.3	3.0979E-05
34.4	3.05689E-05
34.5	3.01652E-05
34.6	2.97676E-05
34.7	2.93759E-05
34.8	2.89902E-05
34.9	2.86102E-05
35	2.82358E-05
35.1	2.7867E-05
35.2	2.75035E-05
35.3	2.71455E-05
35.4	2.67924E-05
35.5	2.64445E-05
35.6	2.61014E-05
35.7	2.57632E-05
35.8	2.54297E-05
35.9	2.51008E-05
36	2.47764E-05
36.1	2.44564E-05
36.2	2.41407E-05
36.3	2.38293E-05
36.4	2.3522E-05
36.5	2.32187E-05
36.6	2.29193E-05
36.7	2.26239E-05
36.8	2.23322E-05
36.9	2.20443E-05
37	2.176E-05
37.1	2.14791E-05
37.2	2.12017E-05
37.3	2.09279E-05
37.4	2.06572E-05
37.5	2.03899E-05
37.6	2.01257E-05
37.7	1.98646E-05
37.8	1.96067E-05
37.9	1.93518E-05
38	1.90997E-05
38.1	1.88505E-05
38.2	1.86039E-05
38.3	1.83604E-05
38.4	1.81194E-05
38.5	1.78811E-05
38.6	1.76453E-05
38.7	1.74121E-05
38.8	1.71814E-05
38.9	1.69531E-05
39	1.67272E-05
39.1	1.65036E-05
39.2	1.62822E-05
39.3	1.60632E-05
39.4	1.58463E-05
39.5	1.56315E-05
39.6	1.54189E-05
39.7	1.52083E-05
39.8	1.49998E-05
39.9	1.47932E-05
40	1.45886E-05
40.1	1.43859E-05
40.2	1.4185E-05
40.3	1.3986E-05
40.4	1.37888E-05
40.5	1.35934E-05
40.6	1.33997E-05
40.7	1.32076E-05
40.8	1.30173E-05
40.9	1.28286E-05
41	1.26415E-05
41.1	1.24559E-05
41.2	1.2272E-05
41.3	1.20895E-05
41.4	1.19085E-05
41.5	1.1729E-05
41.6	1.15509E-05
41.7	1.13742E-05
41.8	1.11989E-05
41.9	1.1025E-05
42	1.08524E-05
42.1	1.06811E-05
42.2	1.05111E-05
42.3	1.03423E-05
42.4	1.01748E-05
42.5	1.00086E-05
42.6	9.84347E-06
42.7	9.67957E-06
42.8	9.51684E-06
42.9	9.35523E-06
43	9.19475E-06
43.1	9.03538E-06
43.2	8.87708E-06
43.3	8.71985E-06
43.4	8.56366E-06
43.5	8.40849E-06
43.6	8.25436E-06
43.7	8.10121E-06
43.8	7.94905E-06
43.9	7.79784E-06
44	7.6476E-06
44.1	7.49827E-06
44.2	7.34987E-06
44.3	7.20238E-06
44.4	7.05577E-06
44.5	6.91006E-06
44.6	6.76519E-06
44.7	6.62118E-06
44.8	6.47801E-06
44.9	6.33565E-06
45	6.19412E-06
45.1	6.05339E-06
45.2	5.91344E-06
45.3	5.77427E-06
45.4	5.63586E-06
45.5	5.49821E-06
45.6	5.36132E-06
45.7	5.22514E-06
45.8	5.08968E-06
45.9	4.95496E-06
46	4.82092E-06
46.1	4.68758E-06
46.2	4.55492E-06
46.3	4.42293E-06
46.4	4.29162E-06
46.5	4.16096E-06
46.6	4.03094E-06
46.7	3.90156E-06
46.8	3.77282E-06
46.9	3.64469E-06
47	3.51718E-06
47.1	3.39028E-06
47.2	3.26397E-06
47.3	3.13826E-06
47.4	3.01312E-06
47.5	2.88857E-06
47.6	2.76458E-06
47.7	2.64116E-06
47.8	2.51829E-06
47.9	2.39596E-06
48	2.27418E-06
48.1	2.15294E-06
48.2	2.03224E-06
48.3	1.91205E-06
48.4	1.79237E-06
48.5	1.67321E-06
48.6	1.55455E-06
48.7	1.4364E-06
48.8	1.31874E-06
48.9	1.20157E-06
49	1.08488E-06
49.1	9.68678E-07
49.2	8.52951E-07
49.3	7.37695E-07
49.4	6.22909E-07
49.5	5.08587E-07
49.6	3.94731E-07
49.7	2.81338E-07
49.8	1.68417E-07
49.9	5.59861E-08
50	0
20.0738	0.018155601
20.2161	0.033535766
22.6989	0.001991709
22.7237	0.00386471
23.172	0.00089719
2.7848	4.03819E-10
2.8909	0.006778742
2.9157	0.011975383
3.1002	2.90199E-05
3.1049	4.36158E-05
3.3309	3.33691E-10
3.364	0.001446795
3.4094	4.90925E-06
2.519	0.001138406
2.6251	1.10838E-09
2.6499	1.48363E-05
2.8344	0.075740286
2.8391	2.64716E-07
3.0651	0.000190196
3.0982	1.80092E-06
3.1436	0.002638894
2.3767	0.002566026
2.4828	1.39033E-05
2.5076	1.39947E-05
2.6921	0.015205436
2.6968	0.136351938
2.9228	0.001640893
2.9559	1.27191E-05
3.0013	0.018405991